10	0.712903
20	0.782963
30	0.760440
40	0.732686
50	0.735985
60	0.750522
70	0.727387
80	0.754236
90	0.759418
100	0.752120
110	0.743315
120	0.756065
130	0.744206
140	0.746582
150	0.729681
160	0.748472
170	0.737038
180	0.743981
190	0.759285
200	0.752065
210	0.736772
220	0.717564
230	0.761148
240	0.752817
250	0.733601
260	0.751011
270	0.745756
280	0.746410
290	0.747400
300	0.749409
310	0.734854
320	0.752317
330	0.737127
340	0.746805
350	0.744022
360	0.739353
370	0.733953
380	0.748594
390	0.736630
400	0.747046
410	0.735240
420	0.717971
430	0.764012
440	0.747054
450	0.750727
460	0.735043
470	0.736673
480	0.748831
490	0.735718
500	0.743643
510	0.761376
520	0.760623
530	0.736967
540	0.748106
550	0.751314
560	0.739079
570	0.749083
580	0.740906
590	0.751175
600	0.745311
610	0.735475
620	0.751439
630	0.756472
640	0.749748
650	0.761199
660	0.744941
670	0.749464
680	0.742139
690	0.724329
700	0.751326
710	0.736599
720	0.742615
730	0.763451
740	0.743560
750	0.748551
760	0.738070
770	0.746873
780	0.748463
790	0.744428
800	0.740505
810	0.736743
820	0.741897
830	0.743929
840	0.745939
850	0.750690
860	0.751100
870	0.759797
880	0.739328
890	0.747434
900	0.751405
910	0.737370
920	0.755663
930	0.746959
940	0.741086
950	0.754998
960	0.736686
970	0.750912
980	0.747855
990	0.727084
1000	0.740555
1010	0.742908
1020	0.749540
1030	0.749171
1040	0.750440
1050	0.751158
1060	0.751372
1070	0.756273
1080	0.753068
1090	0.746180
1100	0.747664
1110	0.742539
1120	0.750507
1130	0.734783
1140	0.744308
1150	0.738404
1160	0.742909
1170	0.748253
1180	0.749367
1190	0.750468
1200	0.755290
1210	0.751005
1220	0.749620
1230	0.753909
1240	0.751682
1250	0.741795
1260	0.750872
1270	0.742911
1280	0.750930
1290	0.747136
1300	0.753644
1310	0.741863
1320	0.752439
1330	0.746868
1340	0.744812
1350	0.753486
1360	0.751217
1370	0.740718
1380	0.750309
1390	0.741534
1400	0.739057
1410	0.755694
1420	0.746108
1430	0.747870
1440	0.737947
1450	0.746743
1460	0.747682
1470	0.745673
1480	0.742709
1490	0.744506
1500	0.749514
1510	0.747735
1520	0.750640
1530	0.749658
1540	0.736079
1550	0.743667
1560	0.743610
1570	0.739404
1580	0.741927
1590	0.740553
1600	0.741867
1610	0.748375
1620	0.748697
1630	0.738611
1640	0.749104
1650	0.744458
1660	0.740621
1670	0.748248
1680	0.751324
1690	0.751258
1700	0.752654
1710	0.740428
1720	0.748224
1730	0.749077
1740	0.739084
1750	0.743677
1760	0.757942
1770	0.746827
1780	0.746217
1790	0.746900
1800	0.745421
1810	0.747833
1820	0.744433
1830	0.751500
1840	0.749997
1850	0.743612
1860	0.743913
1870	0.748179
1880	0.743130
1890	0.750329
1900	0.755884
1910	0.743426
1920	0.744031
1930	0.747372
1940	0.734930
1950	0.749459
1960	0.755114
1970	0.743846
1980	0.751081
1990	0.743687
2000	0.752666
2010	0.739721
2020	0.748058
2030	0.749495
2040	0.749504
2050	0.750229
2060	0.744188
2070	0.745366
2080	0.744377
2090	0.737132
2100	0.747537
2110	0.744586
2120	0.742083
2130	0.749310
2140	0.746201
2150	0.743190
2160	0.746723
2170	0.754273
2180	0.740112
2190	0.745526
2200	0.745667
2210	0.745752
2220	0.747493
2230	0.756058
2240	0.743921
2250	0.743165
2260	0.752109
2270	0.746239
2280	0.742716
2290	0.744050
2300	0.747093
2310	0.746592
2320	0.751356
2330	0.746101
2340	0.750307
2350	0.749517
2360	0.744606
2370	0.747729
2380	0.743493
2390	0.751291
2400	0.749047
2410	0.744653
2420	0.746690
2430	0.749064
2440	0.746550
2450	0.745002
2460	0.742473
2470	0.739392
2480	0.747181
2490	0.747530
2500	0.746867
2510	0.744369
2520	0.745778
2530	0.755470
2540	0.745416
2550	0.740673
2560	0.750319
2570	0.748404
2580	0.753792
2590	0.742994
2600	0.753589
2610	0.750856
2620	0.746347
2630	0.743284
2640	0.744458
2650	0.746374
2660	0.747748
2670	0.749869
2680	0.746866
2690	0.746026
2700	0.744692
2710	0.743494
2720	0.747995
2730	0.741913
2740	0.745804
2750	0.745841
2760	0.738517
2770	0.744696
2780	0.741748
2790	0.745886
2800	0.749819
2810	0.750235
2820	0.742824
2830	0.750645
2840	0.741818
2850	0.751741
2860	0.748465
2870	0.745407
2880	0.743738
2890	0.742571
2900	0.748079
2910	0.743721
2920	0.755626
2930	0.745834
2940	0.746284
2950	0.747762
2960	0.747476
2970	0.751224
2980	0.745134
2990	0.750687
3000	0.746893
3010	0.748240
3020	0.751351
3030	0.752036
3040	0.739812
3050	0.749986
3060	0.748423
3070	0.744396
3080	0.748017
3090	0.747853
3100	0.746236
3110	0.750723
3120	0.752224
3130	0.749109
3140	0.743070
3150	0.748837
3160	0.737908
3170	0.753627
3180	0.751072
3190	0.744682
3200	0.745246
3210	0.746386
3220	0.747244
3230	0.747556
3240	0.745532
3250	0.747481
3260	0.741908
3270	0.744765
3280	0.750829
3290	0.744858
3300	0.750240
3310	0.742738
3320	0.749408
3330	0.741813
3340	0.748855
3350	0.753867
3360	0.748522
3370	0.741326
3380	0.745654
3390	0.751542
3400	0.739883
3410	0.746766
3420	0.750612
3430	0.749100
3440	0.740745
3450	0.743732
3460	0.746220
3470	0.745925
3480	0.747570
3490	0.753388
3500	0.752592
3510	0.747447
3520	0.744135
3530	0.753323
3540	0.745502
3550	0.744282
3560	0.748681
3570	0.744982
3580	0.743936
3590	0.743876
3600	0.753215
3610	0.745688
3620	0.741905
3630	0.748100
3640	0.747245
3650	0.751745
3660	0.749536
3670	0.743362
3680	0.744895
3690	0.745916
3700	0.746787
3710	0.751217
3720	0.740055
3730	0.745552
3740	0.744382
3750	0.750492
3760	0.752748
3770	0.746498
3780	0.745552
3790	0.738485
3800	0.748463
3810	0.741066
3820	0.753973
3830	0.749129
3840	0.746449
3850	0.745067
3860	0.750427
3870	0.751420
3880	0.746968
3890	0.742678
3900	0.748710
3910	0.747110
3920	0.743999
3930	0.743942
3940	0.749445
3950	0.748273
3960	0.745867
3970	0.742568
3980	0.748138
3990	0.750422
4000	0.746284
4010	0.744361
4020	0.746227
4030	0.745132
4040	0.746289
4050	0.752008
4060	0.745820
4070	0.745967
4080	0.743198
4090	0.750913
4100	0.750496
4110	0.746177
4120	0.749967
4130	0.744284
4140	0.741015
4150	0.746743
4160	0.744660
4170	0.745219
4180	0.752440
4190	0.747728
4200	0.748567
4210	0.746464
4220	0.744331
4230	0.745285
4240	0.743015
4250	0.748586
4260	0.746723
4270	0.742837
4280	0.745396
4290	0.741799
4300	0.743921
4310	0.745836
4320	0.745067
4330	0.743099
4340	0.746786
4350	0.747767
4360	0.744413
4370	0.749631
4380	0.745906
4390	0.740417
4400	0.749299
4410	0.751246
4420	0.747479
4430	0.748871
4440	0.744970
4450	0.748124
4460	0.745016
4470	0.749484
4480	0.743110
4490	0.741181
4500	0.748098
4510	0.748035
4520	0.752650
4530	0.747360
4540	0.746033
4550	0.743663
4560	0.750435
4570	0.749259
4580	0.746251
4590	0.743199
4600	0.741902
4610	0.746622
4620	0.749088
4630	0.749035
4640	0.750532
4650	0.738619
4660	0.750900
4670	0.745071
4680	0.749680
4690	0.745609
4700	0.747131
4710	0.748084
4720	0.744497
4730	0.745541
4740	0.748945
4750	0.743790
4760	0.750904
4770	0.749870
4780	0.746071
4790	0.744394
4800	0.747981
4810	0.742872
4820	0.743025
4830	0.741793
4840	0.744128
4850	0.749280
4860	0.746329
4870	0.748179
4880	0.745148
4890	0.748015
4900	0.749611
4910	0.750148
4920	0.743686
4930	0.743233
4940	0.746361
4950	0.748619
4960	0.744543
4970	0.742775
4980	0.748302
4990	0.745617
5000	0.744397
5010	0.749744
5020	0.749950
5030	0.746391
5040	0.749409
5050	0.742885
5060	0.745042
5070	0.745816
5080	0.745971
5090	0.748359
5100	0.746439
5110	0.746161
5120	0.747952
5130	0.746822
5140	0.747464
5150	0.748145
5160	0.743878
5170	0.748745
5180	0.754731
5190	0.750095
5200	0.745339
5210	0.748104
5220	0.742319
5230	0.743687
5240	0.745049
5250	0.746057
5260	0.746253
5270	0.746584
5280	0.744276
5290	0.747495
5300	0.747484
5310	0.746453
5320	0.749314
5330	0.744585
5340	0.746154
5350	0.744206
5360	0.746404
5370	0.746387
5380	0.748760
5390	0.743973
5400	0.744525
5410	0.748781
5420	0.749959
5430	0.747699
5440	0.749440
5450	0.747171
5460	0.742895
5470	0.744293
5480	0.747810
5490	0.748081
5500	0.744807
5510	0.747238
5520	0.745155
5530	0.745561
5540	0.745514
5550	0.749394
5560	0.746903
5570	0.747427
5580	0.745113
5590	0.746497
5600	0.749012
5610	0.749906
5620	0.743075
5630	0.749748
5640	0.748384
5650	0.749597
5660	0.747049
5670	0.748530
5680	0.743108
5690	0.748023
5700	0.745362
5710	0.744271
5720	0.743374
5730	0.745702
5740	0.747834
5750	0.743985
5760	0.744167
5770	0.745915
5780	0.745924
5790	0.750051
5800	0.746310
5810	0.744907
5820	0.746852
5830	0.743977
5840	0.751983
5850	0.748682
5860	0.750607
5870	0.745402
5880	0.748948
5890	0.747761
5900	0.750713
5910	0.747308
5920	0.741696
5930	0.745519
5940	0.748238
5950	0.748132
5960	0.743380
5970	0.745838
5980	0.744805
5990	0.747497
6000	0.744920
6010	0.746202
6020	0.748146
6030	0.749327
6040	0.749533
6050	0.744061
6060	0.743359
6070	0.740293
6080	0.748712
6090	0.744685
6100	0.744758
6110	0.745868
6120	0.744192
6130	0.747526
6140	0.745409
6150	0.745113
6160	0.749613
6170	0.746856
6180	0.746233
6190	0.746433
6200	0.745942
6210	0.746274
6220	0.746791
6230	0.748613
6240	0.745582
6250	0.741961
6260	0.746448
6270	0.747569
6280	0.748154
6290	0.746073
6300	0.744391
6310	0.743844
6320	0.746078
6330	0.750357
6340	0.745521
6350	0.746203
6360	0.748743
6370	0.750426
6380	0.743998
6390	0.743784
6400	0.747338
6410	0.744981
6420	0.748039
6430	0.748457
6440	0.744627
6450	0.748861
6460	0.751016
6470	0.749455
6480	0.747074
6490	0.747215
6500	0.745996
6510	0.748618
6520	0.748233
6530	0.746311
6540	0.743957
6550	0.751890
6560	0.742788
6570	0.744119
6580	0.746144
6590	0.748079
6600	0.751886
6610	0.748890
6620	0.749812
6630	0.748752
6640	0.747927
6650	0.750295
6660	0.748088
6670	0.752397
6680	0.743551
6690	0.747088
6700	0.746800
6710	0.744380
6720	0.745525
6730	0.747081
6740	0.748515
6750	0.746163
6760	0.750087
6770	0.741793
6780	0.742850
6790	0.743692
6800	0.747430
6810	0.746121
6820	0.746811
6830	0.745589
6840	0.746012
6850	0.745095
6860	0.747777
6870	0.748616
6880	0.744924
6890	0.747881
6900	0.749666
6910	0.746263
6920	0.745049
6930	0.745197
6940	0.747231
6950	0.751245
6960	0.746198
6970	0.744062
6980	0.746889
6990	0.752427
7000	0.747200
7010	0.744352
7020	0.747084
7030	0.743547
7040	0.749262
7050	0.743556
7060	0.748760
7070	0.746361
7080	0.747083
7090	0.750475
7100	0.743732
7110	0.747259
7120	0.748831
7130	0.744346
7140	0.747771
7150	0.748800
7160	0.747178
7170	0.748319
7180	0.753340
7190	0.746609
7200	0.744775
7210	0.753684
7220	0.749535
7230	0.747613
7240	0.749908
7250	0.747827
7260	0.748660
7270	0.746553
7280	0.752232
7290	0.745930
7300	0.751539
7310	0.744298
7320	0.745121
7330	0.744624
7340	0.743556
7350	0.743130
7360	0.743390
7370	0.748267
7380	0.748385
7390	0.741931
7400	0.746058
7410	0.747963
7420	0.747442
7430	0.750633
7440	0.746633
7450	0.745916
7460	0.751070
7470	0.746838
7480	0.748672
7490	0.746611
7500	0.744849
7510	0.748642
7520	0.749927
7530	0.744920
7540	0.746216
7550	0.749487
7560	0.749811
7570	0.747022
7580	0.748466
7590	0.746383
7600	0.744938
7610	0.747780
7620	0.749380
7630	0.745704
7640	0.746282
7650	0.741145
7660	0.746231
7670	0.751796
7680	0.746656
7690	0.746512
7700	0.746214
7710	0.746382
7720	0.744509
7730	0.746247
7740	0.747625
7750	0.745588
7760	0.746950
7770	0.746732
7780	0.745690
7790	0.744372
7800	0.750253
7810	0.746006
7820	0.738667
7830	0.745385
7840	0.746103
7850	0.749719
7860	0.749012
7870	0.748284
7880	0.744373
7890	0.753864
7900	0.745588
7910	0.747906
7920	0.747747
7930	0.747644
7940	0.750120
7950	0.748390
7960	0.744360
7970	0.748588
7980	0.744235
7990	0.746537
8000	0.748789
8010	0.749594
8020	0.745565
8030	0.742117
8040	0.747047
8050	0.748574
8060	0.743820
8070	0.745491
8080	0.742999
8090	0.747243
8100	0.749083
8110	0.746688
8120	0.742014
8130	0.744496
8140	0.745859
8150	0.746829
8160	0.747337
8170	0.748427
8180	0.744903
8190	0.745061
8200	0.748612
8210	0.746888
8220	0.748943
8230	0.750357
8240	0.745707
8250	0.748156
8260	0.745272
8270	0.746547
8280	0.748292
8290	0.746386
8300	0.746777
8310	0.745355
8320	0.743678
8330	0.741625
8340	0.746950
8350	0.749558
8360	0.750139
8370	0.744596
8380	0.751082
8390	0.744739
8400	0.747339
8410	0.743974
8420	0.749070
8430	0.747394
8440	0.745487
8450	0.742444
8460	0.745711
8470	0.744470
8480	0.744908
8490	0.747393
8500	0.748084
8510	0.744857
8520	0.745166
8530	0.748627
8540	0.742479
8550	0.750871
8560	0.744871
8570	0.747779
8580	0.744912
8590	0.746289
8600	0.744526
8610	0.745394
8620	0.751074
8630	0.750245
8640	0.745784
8650	0.745986
8660	0.745638
8670	0.749905
8680	0.747308
8690	0.747723
8700	0.751761
8710	0.746778
8720	0.744772
8730	0.747000
8740	0.748690
8750	0.744485
8760	0.748674
8770	0.747575
8780	0.746487
8790	0.743335
8800	0.743262
8810	0.749946
8820	0.747270
8830	0.743698
8840	0.746762
8850	0.749725
8860	0.747863
8870	0.745468
8880	0.752156
8890	0.743423
8900	0.740344
8910	0.746522
8920	0.748694
8930	0.749865
8940	0.745358
8950	0.750694
8960	0.745561
8970	0.748606
8980	0.748500
8990	0.744682
9000	0.747309
9010	0.746178
9020	0.746626
9030	0.748868
9040	0.748538
9050	0.746279
9060	0.747134
9070	0.746007
9080	0.750557
9090	0.747686
9100	0.746199
9110	0.747667
9120	0.744713
9130	0.747069
9140	0.748398
9150	0.748962
9160	0.748064
9170	0.744523
9180	0.746252
9190	0.747104
9200	0.748948
9210	0.746283
9220	0.746244
9230	0.747954
9240	0.747675
9250	0.747679
9260	0.746956
9270	0.748726
9280	0.743269
9290	0.745697
9300	0.747511
9310	0.748792
9320	0.748530
9330	0.747403
9340	0.746988
9350	0.748239
9360	0.746655
9370	0.749476
9380	0.746141
9390	0.747745
9400	0.748044
9410	0.748675
9420	0.749506
9430	0.747816
9440	0.746269
9450	0.749459
9460	0.745711
9470	0.744740
9480	0.746632
9490	0.750974
9500	0.745607
9510	0.747567
9520	0.745519
9530	0.747774
9540	0.744520
9550	0.747155
9560	0.749126
9570	0.743880
9580	0.746937
9590	0.748218
9600	0.750276
9610	0.745302
9620	0.748214
9630	0.749110
9640	0.743692
9650	0.749806
9660	0.746878
9670	0.745352
9680	0.746147
9690	0.746631
9700	0.746711
9710	0.745127
9720	0.749135
9730	0.748673
9740	0.747484
9750	0.746819
9760	0.746790
9770	0.745919
9780	0.749269
9790	0.748528
9800	0.744880
9810	0.746223
9820	0.749577
9830	0.748326
9840	0.746329
9850	0.745712
9860	0.744225
9870	0.748787
9880	0.747187
9890	0.745555
9900	0.747006
9910	0.748046
9920	0.748776
9930	0.749155
9940	0.746842
9950	0.746507
9960	0.745565
9970	0.748940
9980	0.746359
9990	0.747779
10000	0.748810
